phys_Sci1_PMT,opticalphoton,2.89165e-06,1.74718,11.5343,0,-2.28311,349.89,399.405,3229,1,4
phys_Sci1_PMT,opticalphoton,3.03604e-06,3.96684,17.454,0,-14.8902,349.89,392.424,2848,1,8
phys_Sci1_PMT,opticalphoton,3.06863e-06,1.82358,9.93221,0,-4.36492,349.89,387.717,2777,1,8
phys_Sci1_PMT,opticalphoton,2.49662e-06,1.92007,9.91718,0,-13.0222,349.89,397.004,2232,1,12
phys_Sci1_PMT,opticalphoton,2.9856e-06,1.99852,16.3892,0,-10.1872,349.89,405.71,1816,1,12
phys_Sci1_PMT,opticalphoton,1.79428e-06,5.31632,13.4324,0,8.49339,349.89,414.432,1805,1,16
phys_Sci1_PMT,opticalphoton,2.35431e-06,1.78559,10.8349,0,2.27689,349.89,412.734,1512,1,8
phys_Sci1_PMT,opticalphoton,2.71583e-06,1.74455,11.2022,0,0.0406749,349.89,414.151,1229,1,2
phys_Sci1_PMT,opticalphoton,1.99959e-06,1.8429,18.4758,0,16.0476,349.89,393.875,1046,1,10
phys_Sci1_PMT,opticalphoton,2.77995e-06,3.93099,12.2371,0,5.83863,349.89,415.998,1014,1,6
phys_Sci1_PMT,opticalphoton,2.71789e-06,5.45422,16.6867,0,12.2464,349.89,388.976,848,1,24
phys_Sci1_PMT,opticalphoton,2.98238e-06,8.8714,16.1668,0,5.86419,349.89,390.792,830,1,30
phys_Sci1_PMT,opticalphoton,1.80907e-06,8.6619,19.6075,0,8.39587,349.89,394.202,680,1,10
phys_Sci1_PMT,opticalphoton,2.53296e-06,5.24342,12.3391,0,-16.2202,349.89,394.98,281,1,10
phys_Sci1_PMT,opticalphoton,2.2682e-06,2.09781,9.89016,0,-16.6325,349.89,399.179,6152,1,16
phys_Sci1_PMT,opticalphoton,2.83231e-06,6.44557,15.9196,0,0.673375,349.89,387.704,5819,1,22
phys_Sci1_PMT,opticalphoton,2.62379e-06,1.99466,9.83008,0,-10.5415,349.89,409.338,5495,1,12
phys_Sci1_PMT,opticalphoton,2.98394e-06,6.24371,19.5376,0,11.0503,349.89,411.707,5281,1,8
phys_Sci1_PMT,opticalphoton,2.48472e-06,1.80268,11.0066,0,3.31241,349.89,389.112,5225,1,6
phys_Sci1_PMT,opticalphoton,2.87483e-06,1.7938,9.49294,0,-0.284877,349.89,408.419,5186,1,8
phys_Sci1_PMT,opticalphoton,1.80727e-06,1.93123,8.95144,0,-11.703,349.89,396.639,5037,1,12
phys_Sci1_PMT,opticalphoton,2.81025e-06,1.74785,13.3239,0,6.79513,349.89,392.222,4917,1,2
phys_Sci1_PMT,opticalphoton,2.85913e-06,6.2769,14.499,0,-8.19747,349.89,403.601,4752,1,14
phys_Sci1_PMT,opticalphoton,2.95047e-06,1.98553,9.83389,0,-13.2321,349.89,404.112,4649,1,12
phys_Sci1_PMT,opticalphoton,2.27192e-06,1.79915,10.8954,0,-16.739,349.89,395.995,4350,1,6
phys_Sci1_PMT,opticalphoton,2.6371e-06,1.80639,13.1729,0,-8.98604,349.89,399.561,3974,1,8
phys_Sci1_PMT,opticalphoton,2.32671e-06,8.67806,27.8808,0,-4.35819,349.89,388.993,3877,1,8
phys_Sci1_PMT,opticalphoton,2.38606e-06,1.74886,10.0617,0,-11.7081,349.89,401.151,3396,1,4
phys_Sci1_PMT,opticalphoton,2.80459e-06,1.91602,10.8486,0,12.7304,349.89,408.777,9902,1,12
phys_Sci1_PMT,opticalphoton,2.01195e-06,3.92794,17.2132,0,-3.49376,349.89,397.063,9332,1,12
phys_Sci1_PMT,opticalphoton,3.03923e-06,1.76237,12.4799,0,-0.793465,349.89,408.55,9289,1,4
phys_Sci1_PMT,opticalphoton,2.00302e-06,2.27908,15.7391,0,-10.7864,349.89,392.463,8774,1,18
phys_Sci1_PMT,opticalphoton,2.43971e-06,2.1542,10.4913,0,-1.2918,349.89,383.066,8653,1,18
phys_Sci1_PMT,opticalphoton,2.88751e-06,1.81839,9.93857,0,11.3372,349.89,393.3,8543,1,8
phys_Sci1_PMT,opticalphoton,2.43602e-06,2.05087,9.95124,0,-9.48492,349.89,413.348,8419,1,14
phys_Sci1_PMT,opticalphoton,2.80554e-06,3.87482,10.8955,0,-8.31,349.89,397.049,8233,1,8
phys_Sci1_PMT,opticalphoton,2.30598e-06,1.75007,11.3139,0,16.5876,349.89,403.598,8165,1,4
phys_Sci1_PMT,opticalphoton,2.75112e-06,1.74558,9.27005,0,-11.5643,349.89,404.555,7978,1,2
phys_Sci1_PMT,opticalphoton,2.89283e-06,5.28006,12.4816,0,8.41347,349.89,396.288,7842,1,14
phys_Sci1_PMT,opticalphoton,2.74729e-06,1.75883,11.2024,0,16.4071,349.89,396.907,7765,1,4
phys_Sci1_PMT,opticalphoton,2.68975e-06,1.75316,20.5592,0,-9.45935,349.89,393.982,7729,1,4
phys_Sci1_PMT,opticalphoton,2.91565e-06,3.87833,12.7761,0,3.60303,349.89,408.388,6989,1,6
phys_Sci1_PMT,opticalphoton,2.01818e-06,6.38079,19.0251,0,7.726,349.89,407.748,6912,1,20
phys_Sci1_PMT,opticalphoton,2.335e-06,11.9042,21.7477,0,-5.26782,349.89,396.229,6707,1,38
phys_Sci1_PMT,opticalphoton,2.02384e-06,1.8133,10.5779,0,-8.18805,349.89,399.651,14639,1,8
phys_Sci1_PMT,opticalphoton,3.02084e-06,3.95615,11.2816,0,-1.37758,349.89,410.569,14602,1,12
phys_Sci1_PMT,opticalphoton,2.28744e-06,1.82404,17.7665,0,7.92541,349.89,393.325,14544,1,8
phys_Sci1_PMT,opticalphoton,2.53383e-06,1.79086,13.8389,0,11.4334,349.89,392.194,14485,1,6
phys_Sci1_PMT,opticalphoton,1.77896e-06,1.75987,13.0899,0,13.8946,349.89,405.963,14258,1,4
phys_Sci1_PMT,opticalphoton,1.9155e-06,3.90386,11.1216,0,-2.16589,349.89,387.539,14194,1,4
phys_Sci1_PMT,opticalphoton,1.81621e-06,1.78728,9.58551,0,14.4431,349.89,398.669,13869,1,6
phys_Sci1_PMT,opticalphoton,3.07243e-06,2.02313,14.6647,0,2.22542,349.89,398.794,13639,1,14
phys_Sci1_PMT,opticalphoton,2.70107e-06,1.74556,9.79409,0,2.45707,349.89,416.45,13638,1,2
phys_Sci1_PMT,opticalphoton,2.36673e-06,1.96142,13.9642,0,-4.89256,349.89,402.752,13513,1,12
phys_Sci1_PMT,opticalphoton,2.6801e-06,3.90387,11.5637,0,-7.04505,349.89,407.346,13424,1,10
phys_Sci1_PMT,opticalphoton,2.05074e-06,1.7989,11.1194,0,-3.1557,349.89,385.419,13255,1,6
phys_Sci1_PMT,opticalphoton,2.62008e-06,1.83588,17.5397,0,10.1065,349.89,405.238,13228,1,8
phys_Sci1_PMT,opticalphoton,2.82553e-06,1.7512,10.0842,0,4.07297,349.89,389.367,13116,1,4
phys_Sci1_PMT,opticalphoton,2.81028e-06,4.04508,11.8272,0,-7.85987,349.89,398.658,13092,1,18
phys_Sci1_PMT,opticalphoton,2.92607e-06,1.7515,18.9012,0,12.5431,349.89,402.568,13019,1,4
phys_Sci1_PMT,opticalphoton,3.05394e-06,6.38011,13.7996,0,-4.73962,349.89,386.765,12901,1,18
phys_Sci1_PMT,opticalphoton,2.11312e-06,3.87262,12.5903,0,-11.7915,349.89,395.74,12600,1,10
phys_Sci1_PMT,opticalphoton,2.96321e-06,5.39062,13.4205,0,6.33963,349.89,403.046,12418,1,20
phys_Sci1_PMT,opticalphoton,2.00041e-06,1.75469,11.8801,0,0.974164,349.89,391.238,12049,1,4
phys_Sci1_PMT,opticalphoton,2.61693e-06,1.78415,9.62543,0,-0.693308,349.89,400.969,11933,1,6
phys_Sci1_PMT,opticalphoton,2.10089e-06,1.74529,13.1111,0,-6.85483,349.89,399.356,11928,1,2
phys_Sci1_PMT,opticalphoton,3.06067e-06,1.74597,9.34085,0,1.75437,349.89,416.727,11749,1,2
phys_Sci1_PMT,opticalphoton,2.8441e-06,1.7704,10.441,0,6.20665,349.89,395.483,11565,1,6
phys_Sci1_PMT,opticalphoton,2.90129e-06,1.75611,11.4465,0,4.02664,349.89,388.91,11548,1,4
phys_Sci1_PMT,opticalphoton,2.86856e-06,1.74606,9.98017,0,-6.71749,349.89,391.882,11212,1,2
phys_Sci1_PMT,opticalphoton,2.72966e-06,2.136,13.9196,0,11.4094,349.89,397.881,11097,1,16
phys_Sci1_PMT,opticalphoton,3.00583e-06,2.05858,10.4766,0,-0.63241,349.89,395.312,10645,1,14
phys_Sci1_PMT,opticalphoton,2.83077e-06,1.81066,11.8303,0,2.29574,349.89,386.823,10529,1,8
phys_Sci1_PMT,opticalphoton,3.07269e-06,5.25609,12.5924,0,7.49668,349.89,407.723,10482,1,12
phys_Sci1_PMT,opticalphoton,2.15548e-06,1.75564,8.8229,0,-15.766,349.89,398.502,10320,1,4
phys_Sci1_PMT,opticalphoton,2.89598e-06,1.76158,19.237,0,-10.4734,349.89,409.032,10311,1,4
phys_Sci1_PMT,opticalphoton,3.0679e-06,3.9422,11.2481,0,10.0459,349.89,411.866,18548,1,6
phys_Sci1_PMT,opticalphoton,2.36735e-06,1.77061,8.91968,0,-9.0763,349.89,389.873,18421,1,6
phys_Sci1_PMT,opticalphoton,2.84683e-06,1.74473,10.4199,0,-1.98381,349.89,401.041,18319,1,2
phys_Sci1_PMT,opticalphoton,2.21733e-06,1.8509,13.9523,0,-7.77845,349.89,385.703,18276,1,10
phys_Sci1_PMT,opticalphoton,2.74815e-06,1.75252,10.4159,0,-11.5137,349.89,397.135,18175,1,4
phys_Sci1_PMT,opticalphoton,2.6758e-06,1.75698,9.18608,0,9.10531,349.89,406.54,18076,1,4
phys_Sci1_PMT,opticalphoton,2.54163e-06,3.96045,11.7139,0,15.6888,349.89,396.379,18066,1,4
phys_Sci1_PMT,opticalphoton,1.96188e-06,1.78581,10.2197,0,-0.900853,349.89,408.009,18000,1,6
phys_Sci1_PMT,opticalphoton,2.86535e-06,1.83772,11.7445,0,10.5362,349.89,387.022,17971,1,8
phys_Sci1_PMT,opticalphoton,2.77229e-06,5.29131,12.5295,0,-13.8229,349.89,391.981,17934,1,14
phys_Sci1_PMT,opticalphoton,2.87469e-06,1.75794,13.1372,0,-11.91,349.89,392.692,17422,1,4
phys_Sci1_PMT,opticalphoton,1.87582e-06,5.2153,16.1003,0,-5.05458,349.89,403.202,17403,1,6
phys_Sci1_PMT,opticalphoton,2.80811e-06,1.87649,12.5323,0,-10.083,349.89,403.4,17335,1,10
phys_Sci1_PMT,opticalphoton,2.92317e-06,1.89723,9.29799,0,-6.02962,349.89,390.267,17270,1,10
phys_Sci1_PMT,opticalphoton,2.55755e-06,4.08596,22.7141,0,10.6334,349.89,402.095,17112,1,20
phys_Sci1_PMT,opticalphoton,2.50869e-06,1.81864,12.1223,0,-1.99292,349.89,399.41,17000,1,8
phys_Sci1_PMT,opticalphoton,2.54761e-06,1.97724,10.4847,0,-5.63952,349.89,388.724,16476,1,12
phys_Sci1_PMT,opticalphoton,2.84204e-06,1.82754,10.8572,0,-5.20097,349.89,405.386,15998,1,8
phys_Sci1_PMT,opticalphoton,2.85202e-06,3.94563,19.7406,0,7.17444,349.89,384.265,15952,1,8
phys_Sci1_PMT,opticalphoton,2.81526e-06,6.28095,14.9142,0,-4.92234,349.89,390.912,15680,1,6
phys_Sci1_PMT,opticalphoton,2.10042e-06,1.78596,11.8895,0,7.31521,349.89,405.986,15584,1,6
phys_Sci1_PMT,opticalphoton,2.86029e-06,1.74582,9.93357,0,-2.82404,349.89,389.437,15521,1,2
phys_Sci1_PMT,opticalphoton,2.78466e-06,3.8514,10.9671,0,-8.82586,349.89,395.557,15502,1,4
phys_Sci1_PMT,opticalphoton,2.44257e-06,3.8938,12.9366,0,-7.31717,349.89,399.862,15469,1,10
phys_Sci1_PMT,opticalphoton,2.6469e-06,1.95434,9.17491,0,3.54112,349.89,402.144,15307,1,12
phys_Sci1_PMT,opticalphoton,2.38587e-06,3.89115,12.5754,0,-9.48461,349.89,389.572,15123,1,10
phys_Sci1_PMT,opticalphoton,3.08117e-06,2.04505,10.8437,0,-14.1481,349.89,406.697,15086,1,14
phys_Sci1_PMT,opticalphoton,2.99175e-06,1.91902,9.73522,0,4.55019,349.89,411.694,15062,1,12
phys_Sci1_PMT,opticalphoton,2.65048e-06,1.87725,9.48567,0,11.2795,349.89,399.735,15042,1,10
phys_Sci1_PMT,opticalphoton,2.74096e-06,1.75237,10.2575,0,-14.4613,349.89,405.49,14880,1,4
phys_Sci1_PMT,opticalphoton,2.96549e-06,1.77398,18.7412,0,-3.15988,349.89,407.372,14872,1,6
phys_Sci1_PMT,opticalphoton,2.5284e-06,1.79861,9.96914,0,4.88098,349.89,412.887,22511,1,6
phys_Sci1_PMT,opticalphoton,2.77224e-06,2.08408,10.8532,0,5.97154,349.89,386.558,22465,1,16
phys_Sci1_PMT,opticalphoton,2.02249e-06,1.8719,10.5102,0,3.8742,349.89,401.196,21996,1,10
phys_Sci1_PMT,opticalphoton,1.83351e-06,1.93543,11.3118,0,2.08233,349.89,394.91,21876,1,12
phys_Sci1_PMT,opticalphoton,2.90161e-06,8.76307,19.0144,0,-16.4353,349.89,405.924,21638,1,12
phys_Sci1_PMT,opticalphoton,3.03462e-06,7.26775,22.3695,0,-13.3363,349.89,392.518,21318,1,14
phys_Sci1_PMT,opticalphoton,1.88675e-06,1.74529,13.8805,0,-7.16003,349.89,403.137,21205,1,2
phys_Sci1_PMT,opticalphoton,2.69452e-06,1.75982,9.96714,0,-15.689,349.89,393.358,19828,1,4
phys_Sci1_PMT,opticalphoton,3.06763e-06,2.51438,10.4089,0,-0.0449764,349.89,383.226,19614,1,22
phys_Sci1_PMT,opticalphoton,2.11815e-06,1.77986,9.24267,0,-12.9837,349.89,396.995,19580,1,6
phys_Sci1_PMT,opticalphoton,3.04573e-06,1.74523,11.8547,0,-8.51455,349.89,397.797,19511,1,2
phys_Sci1_PMT,opticalphoton,3.08234e-06,3.95375,13.5579,0,4.0512,349.89,415.478,19431,1,12
phys_Sci1_PMT,opticalphoton,2.25787e-06,1.75642,13.2342,0,0.403275,349.89,396.108,19375,1,4
phys_Sci1_PMT,opticalphoton,2.9205e-06,1.75597,11.4853,0,-12.8181,349.89,405.07,25476,1,4
phys_Sci1_PMT,opticalphoton,1.88354e-06,1.86342,9.10481,0,8.34073,349.89,401.972,25465,1,10
phys_Sci1_PMT,opticalphoton,2.75306e-06,3.9069,13.5067,0,-2.65651,349.89,414.919,25371,1,4
phys_Sci1_PMT,opticalphoton,2.37645e-06,2.24807,13.5362,0,-12.2804,349.89,399.062,25320,1,18
phys_Sci1_PMT,opticalphoton,2.35327e-06,1.74655,16.5185,0,-5.27409,349.89,408.062,25273,1,2
phys_Sci1_PMT,opticalphoton,1.90825e-06,1.83986,9.59011,0,-3.18246,349.89,414.187,25180,1,10
phys_Sci1_PMT,opticalphoton,2.25993e-06,1.74502,11.6326,0,-4.81163,349.89,390.758,25101,1,2
phys_Sci1_PMT,opticalphoton,2.93668e-06,8.70046,16.9197,0,-11.1985,349.89,395.412,25094,1,18
phys_Sci1_PMT,opticalphoton,1.8926e-06,1.79789,9.47083,0,10.1623,349.89,389.984,25084,1,8
phys_Sci1_PMT,opticalphoton,2.23235e-06,1.91078,9.2167,0,-12.4469,349.89,389.749,24277,1,12
phys_Sci1_PMT,opticalphoton,2.59495e-06,5.21722,15.3697,0,4.58014,349.89,413.611,24205,1,8
phys_Sci1_PMT,opticalphoton,2.47557e-06,1.84088,18.9596,0,3.86087,349.89,392.266,23829,1,8
phys_Sci1_PMT,opticalphoton,2.54173e-06,1.81329,11.3982,0,0.815624,349.89,399.367,23598,1,8
phys_Sci1_PMT,opticalphoton,2.94766e-06,1.80881,11.0866,0,-8.01617,349.89,397.662,23398,1,8
phys_Sci1_PMT,opticalphoton,2.45864e-06,1.76577,11.8352,0,-6.81175,349.89,390.602,28995,1,4
phys_Sci1_PMT,opticalphoton,2.66139e-06,1.7459,10.9996,0,-1.58802,349.89,402.464,28937,1,2
phys_Sci1_PMT,opticalphoton,3.02051e-06,1.77666,15.9413,0,-3.78229,349.89,386.446,28784,1,6
phys_Sci1_PMT,opticalphoton,3.08114e-06,1.7505,11.7047,0,-15.998,349.89,399.749,28710,1,4
phys_Sci1_PMT,opticalphoton,1.84757e-06,1.74535,11.5161,0,1.17355,349.89,385.767,28638,1,4
phys_Sci1_PMT,opticalphoton,2.97976e-06,2.32342,18.8526,0,0.77267,349.89,416.858,28531,1,20
phys_Sci1_PMT,opticalphoton,2.71008e-06,1.78316,10.5167,0,-0.925002,349.89,392.111,28500,1,6
phys_Sci1_PMT,opticalphoton,3.03422e-06,1.80327,14.019,0,2.05634,349.89,412.944,28057,1,6
phys_Sci1_PMT,opticalphoton,2.90991e-06,1.766,10.543,0,-11.0062,349.89,404.876,27802,1,6
phys_Sci1_PMT,opticalphoton,2.78965e-06,1.74944,10.85,0,7.38891,349.89,400.118,27784,1,4
phys_Sci1_PMT,opticalphoton,2.81173e-06,6.34848,15.3162,0,15.5961,349.89,404.822,27671,1,20
phys_Sci1_PMT,opticalphoton,2.99451e-06,3.98579,11.9397,0,-2.50217,349.89,416.696,27413,1,16
phys_Sci1_PMT,opticalphoton,2.11388e-06,3.89306,12.6223,0,-1.47293,349.89,404.925,27310,1,8
phys_Sci1_PMT,opticalphoton,3.06345e-06,2.25209,9.48499,0,-1.45938,349.89,383.188,26994,1,20
phys_Sci1_PMT,opticalphoton,2.60065e-06,1.77281,13.1821,0,-10.3433,349.89,395.887,26957,1,6
phys_Sci1_PMT,opticalphoton,2.01491e-06,1.75571,9.18377,0,1.58934,349.89,404.569,26542,1,4
phys_Sci1_PMT,opticalphoton,3.00776e-06,1.82625,16.4783,0,2.38013,349.89,410.425,32738,1,8
phys_Sci1_PMT,opticalphoton,2.92895e-06,2.08914,10.4156,0,-9.24622,349.89,407.943,32472,1,14
phys_Sci1_PMT,opticalphoton,2.20105e-06,8.73722,22.2555,0,-11.7871,349.89,408.945,32341,1,22
phys_Sci1_PMT,opticalphoton,1.77568e-06,1.7505,8.89068,0,0.0950168,349.89,412.347,32175,1,2
phys_Sci1_PMT,opticalphoton,2.34505e-06,1.8058,9.00784,0,6.88175,349.89,407.729,31921,1,6
phys_Sci1_PMT,opticalphoton,2.83487e-06,1.7968,13.0262,0,-14.6808,349.89,400.091,31807,1,6
phys_Sci1_PMT,opticalphoton,2.88862e-06,5.21354,15.9508,0,-4.28762,349.89,413.051,31705,1,4
phys_Sci1_PMT,opticalphoton,2.20329e-06,1.74814,10.6032,0,-13.3593,349.89,401.078,31287,1,2
phys_Sci1_PMT,opticalphoton,3.05346e-06,2.08723,10.4673,0,-1.90116,349.89,398.156,30988,1,16
phys_Sci1_PMT,opticalphoton,2.19901e-06,1.7459,11.9767,0,6.89513,349.89,387.642,30980,1,4
phys_Sci1_PMT,opticalphoton,3.06632e-06,5.24223,13.2804,0,5.13011,349.89,406.775,30962,1,10
phys_Sci1_PMT,opticalphoton,2.45018e-06,3.89973,12.2997,0,0.252303,349.89,399.277,30698,1,6
phys_Sci1_PMT,opticalphoton,2.63852e-06,2.34634,19.2522,0,4.46638,349.89,415.093,30671,1,20
phys_Sci1_PMT,opticalphoton,1.98322e-06,1.76659,9.76013,0,16.7107,349.89,403.178,30174,1,6
phys_Sci1_PMT,opticalphoton,3.03777e-06,1.75069,10.4214,0,11.3195,349.89,406.229,30134,1,4
phys_Sci1_PMT,opticalphoton,2.91112e-06,1.77659,14.9212,0,-6.15122,349.89,387.714,29964,1,6
phys_Sci1_PMT,opticalphoton,2.98319e-06,1.9142,10.6377,0,-2.22477,349.89,404.104,29808,1,10
phys_Sci1_PMT,opticalphoton,2.76392e-06,1.84867,11.8386,0,-16.4565,349.89,398.397,29803,1,8
phys_Sci1_PMT,opticalphoton,2.70333e-06,1.96946,11.719,0,14.4776,349.89,408.788,33507,1,12
phys_Sci1_PMT,opticalphoton,1.78918e-06,1.86618,9.03814,0,-2.96922,349.89,388.083,33326,1,8
phys_Sci1_PMT,opticalphoton,2.73585e-06,8.79253,24.7222,0,-14.7217,349.89,399.634,33062,1,26
phys_PMT2,opticalphoton,4.13012e-06,5.33269,12.553,0,216.3,359.88,-302.65,34673,1,8
phys_PMT2,opticalphoton,4.20658e-06,4.75624,11.9896,0,204.207,359.88,-304.963,35093,1,27
phys_PMT4,opticalphoton,3.57705e-06,15.5883,22.8362,0,101.012,359.88,-92.8634,35349,35143,27
phys_PMT3,opticalphoton,6.15268e-06,6.26829,13.5143,0,-0.380986,359.88,-200.263,35319,35143,11
phys_PMT2,opticalphoton,1.37841e-06,4.82443,12.0688,0,188.568,359.88,-295.827,35823,1,27
phys_PMT4,opticalphoton,4.88788e-06,2.55729,9.8035,0,93.4502,359.88,-97.0758,35872,1,3
phys_PMT2,opticalphoton,1.75388e-06,4.76276,12.0178,0,201.68,359.88,-298.944,36079,1,27
phys_PMT4,opticalphoton,1.87874e-06,2.56752,9.82396,0,96.9818,359.88,-102.354,36059,1,3
phys_PMT2,opticalphoton,3.3487e-06,4.42582,11.6913,0,191.253,359.88,-312.601,36299,1,11
phys_PMT5,opticalphoton,4.22025e-06,14.0164,21.2983,0,-195.174,359.88,-103.783,36707,1,27
phys_PMT4,opticalphoton,2.94277e-06,28.1234,35.4121,0,104.976,359.88,-103.977,36836,1,53
phys_PMT2,opticalphoton,4.09549e-06,4.37468,11.6704,0,205.364,359.88,-308.967,37028,1,11
phys_PMT2,opticalphoton,4.94423e-06,4.39099,11.7262,0,200.385,359.88,-295.968,37943,1,11
phys_PMT2,opticalphoton,4.7419e-06,4.35027,11.7125,0,207.211,359.88,-295.289,38522,1,11
phys_PMT4,opticalphoton,2.89801e-06,10.8126,18.1817,0,90.9998,359.88,-94.6072,38765,1,19
phys_PMT1,opticalphoton,5.04677e-06,12.4993,19.9243,0,-88.5952,359.88,-316.766,39892,1,23
phys_PMT1,opticalphoton,4.75321e-06,12.5082,19.9379,0,-98.9463,359.88,-313.218,40102,1,23
phys_PMT1,opticalphoton,3.47556e-06,12.4769,19.921,0,-95.2133,359.88,-318.01,40382,1,23
phys_PMT1,opticalphoton,1.68113e-06,12.8707,20.319,0,-113.886,359.88,-301.332,40560,1,29
phys_PMT2,opticalphoton,4.795e-06,23.7597,31.2775,0,213.366,359.88,-313.435,42311,1,39
phys_PMT4,opticalphoton,3.47965e-06,5.56853,13.1542,0,104.646,359.88,-87.4612,43760,1,39
phys_PMT3,opticalphoton,3.41817e-06,2.49262,10.08,0,5.52183,359.88,-188.667,43873,1,3
phys_PMT3,opticalphoton,5.81438e-06,2.49178,10.0816,0,-2.25542,359.88,-189.213,43856,1,3
phys_PMT3,opticalphoton,3.56436e-06,2.49184,10.0864,0,-6.96471,359.88,-190.582,43989,1,3
phys_PMT3,opticalphoton,3.38236e-06,2.49395,10.0899,0,10.5357,359.88,-191.508,43969,1,3
phys_PMT3,opticalphoton,3.02075e-06,2.48984,10.0883,0,4.8062,359.88,-191.131,44101,1,3
phys_PMT1,opticalphoton,5.98089e-06,11.8078,19.4051,0,-100.398,359.88,-309.056,44087,1,27
phys_PMT3,opticalphoton,4.16873e-06,2.48921,10.0893,0,-0.67987,359.88,-191.469,44056,1,3
phys_PMT3,opticalphoton,4.1971e-06,2.48849,10.0904,0,-11.455,359.88,-191.672,44201,1,3
phys_PMT3,opticalphoton,2.27747e-06,2.48796,10.0885,0,-3.18432,359.88,-191.235,44159,1,3
phys_PMT3,opticalphoton,3.72701e-06,2.488,10.0909,0,-4.52907,359.88,-191.93,44129,1,3
phys_PMT3,opticalphoton,5.23542e-06,2.48827,10.0924,0,-9.2382,359.88,-192.304,44116,1,3
phys_PMT3,opticalphoton,4.70147e-06,2.48788,10.0938,0,-4.47349,359.88,-192.784,44230,1,3
phys_PMT3,opticalphoton,5.17635e-06,2.48927,10.1025,0,-11.9237,359.88,-195.23,44348,1,3
phys_PMT3,opticalphoton,1.52469e-06,2.49055,10.104,0,12.4845,359.88,-195.59,44330,1,3
phys_PMT3,opticalphoton,5.10841e-06,2.48748,10.1134,0,-12.7606,359.88,-198.429,44685,1,3
phys_PMT3,opticalphoton,5.75343e-06,2.48577,10.1132,0,-11.1686,359.88,-198.429,44762,1,3
phys_PMT3,opticalphoton,2.40903e-06,2.48626,10.1133,0,8.2666,359.88,-198.468,44758,1,3
phys_PMT3,opticalphoton,3.63072e-06,2.48487,10.1169,0,-0.571589,359.88,-199.632,44857,1,3
phys_PMT3,opticalphoton,5.83745e-06,2.48524,10.1201,0,3.49734,359.88,-200.548,44824,1,3
phys_PMT3,opticalphoton,5.87307e-06,2.48531,10.1207,0,4.04479,359.88,-200.722,44811,1,3
phys_PMT3,opticalphoton,2.47996e-06,2.48491,10.1219,0,-10.3384,359.88,-201.012,44979,1,3
phys_PMT3,opticalphoton,2.24718e-06,2.48441,10.1223,0,-2.9957,359.88,-201.24,44949,1,3
phys_PMT3,opticalphoton,1.621e-06,45.0733,52.7162,0,-1.96796,359.88,-189.976,45093,1,89
phys_PMT3,opticalphoton,4.71211e-06,2.48715,10.1297,0,2.09946,359.88,-203.417,45091,1,3
phys_PMT3,opticalphoton,4.81232e-06,2.48957,10.1333,0,13.6578,359.88,-204.214,45062,1,3
phys_PMT3,opticalphoton,5.65935e-06,2.48871,10.1322,0,10.6898,359.88,-203.987,45052,1,3
phys_PMT3,opticalphoton,2.55952e-06,2.48812,10.1287,0,8.44657,359.88,-203.002,45039,1,3
phys_PMT3,opticalphoton,2.95607e-06,2.48854,10.1357,0,-9.40177,359.88,-205.12,45184,1,3
phys_PMT3,opticalphoton,2.48199e-06,2.48831,10.1345,0,-7.34918,359.88,-204.806,45142,1,3
phys_PMT3,opticalphoton,1.882e-06,2.48849,10.1371,0,-8.70137,359.88,-205.536,45138,1,3
phys_PMT3,opticalphoton,4.86135e-06,2.48949,10.1363,0,-14.9226,359.88,-205.153,45119,1,3
phys_PMT3,opticalphoton,1.63843e-06,2.4875,10.1407,0,-9.2184,359.88,-206.604,45249,1,3
phys_PMT4,opticalphoton,1.74917e-06,4.9871,12.6401,0,94.0648,359.88,-102.239,45221,1,11
phys_PMT3,opticalphoton,1.71685e-06,2.48927,10.1426,0,-17.8528,359.88,-206.896,45219,1,3
phys_PMT3,opticalphoton,4.41189e-06,2.49461,10.1577,0,-3.45908,359.88,-211.699,45559,1,3
phys_PMT3,opticalphoton,2.25645e-06,2.49532,10.1584,0,-11.6615,359.88,-211.775,45548,1,3
phys_PMT4,opticalphoton,3.34866e-06,4.95794,12.626,0,101.128,359.88,-101.225,45635,1,11
phys_PMT2,opticalphoton,2.24575e-06,10.3078,17.9946,0,213.499,359.88,-297.676,45966,45593,21
phys_PMT2,opticalphoton,3.45979e-06,8.33533,16.0221,0,204.203,359.88,-306.818,45965,45593,15
phys_PMT3,opticalphoton,2.71844e-06,2.4967,10.1694,0,6.42614,359.88,-215.085,46062,1,3
phys_PMT4,opticalphoton,2.4707e-06,4.99291,12.6741,0,96.9386,359.88,-90.0903,46278,1,11
phys_PMT3,opticalphoton,2.57565e-06,2.5017,10.1804,0,11.1379,359.88,-218.209,46256,1,3
phys_PMT3,opticalphoton,4.16489e-06,2.50169,10.1855,0,-7.76992,359.88,-219.847,46335,1,3
phys_PMT3,opticalphoton,3.37882e-06,2.50402,10.1915,0,6.90041,359.88,-221.573,46477,1,3
phys_PMT3,opticalphoton,4.10217e-06,2.50375,10.1933,0,5.10737,359.88,-222.123,46410,1,3
phys_PMT3,opticalphoton,1.65201e-06,2.50045,10.1962,0,1.74318,359.88,-223.035,46639,1,3
phys_PMT2,opticalphoton,2.65723e-06,2.88655,10.5941,0,207.795,359.88,-292.972,46799,1,3
phys_PMT2,opticalphoton,5.59554e-06,2.87281,10.5857,0,203.372,359.88,-292.357,47003,1,3
phys_PMT2,opticalphoton,5.71754e-06,2.84676,10.5668,0,195.271,359.88,-290.109,47212,1,3
phys_PMT2,opticalphoton,4.25195e-06,2.85008,10.5771,0,197.084,359.88,-292.399,47337,1,3
phys_PMT3,opticalphoton,3.25161e-06,19.8286,27.56,0,4.84553,359.88,-204.05,47465,1,33
phys_PMT2,opticalphoton,3.98876e-06,2.84615,10.5809,0,196.135,359.88,-293.908,47586,1,3
phys_PMT2,opticalphoton,1.55433e-06,2.91143,10.6503,0,215.455,359.88,-306.247,47582,1,3
phys_PMT2,opticalphoton,5.92162e-06,2.8915,10.6264,0,209.72,359.88,-301.664,47577,1,3
phys_PMT2,opticalphoton,3.1082e-06,2.82809,10.5694,0,189.912,359.88,-292.984,47697,1,3
phys_PMT2,opticalphoton,3.52903e-06,2.85626,10.6022,0,199.326,359.88,-298.888,47801,1,3
phys_PMT2,opticalphoton,4.48497e-06,2.89656,10.6432,0,211.264,359.88,-305.963,47776,1,3
phys_PMT2,opticalphoton,2.95659e-06,2.85452,10.598,0,198.818,359.88,-297.849,47728,1,3
phys_PMT2,opticalphoton,2.67436e-06,2.80834,10.5765,0,186.163,359.88,-296.559,48235,1,3
phys_PMT2,opticalphoton,1.62237e-06,2.8152,10.5932,0,189.643,359.88,-300.122,48374,1,3
phys_PMT3,opticalphoton,4.1388e-06,12.4812,20.2684,0,2.52303,359.88,-213.456,48646,1,23
phys_PMT2,opticalphoton,3.78622e-06,2.81894,10.6051,0,190.508,359.88,-303.295,48644,1,3
phys_PMT2,opticalphoton,5.74699e-06,2.87513,10.662,0,207.723,359.88,-313.04,48587,1,3
phys_PMT2,opticalphoton,1.38404e-06,2.83421,10.6233,0,195.535,359.88,-306.651,48672,1,3
phys_PMT2,opticalphoton,5.09231e-06,2.81115,10.6049,0,186.946,359.88,-304.65,48759,1,3
phys_PMT5,opticalphoton,5.18573e-06,13.34,21.1381,0,-204.256,359.88,-103.042,48964,1,27
phys_PMT2,opticalphoton,2.59359e-06,2.81856,10.6313,0,188.712,359.88,-311.74,49221,1,3
phys_PMT2,opticalphoton,3.3926e-06,2.80719,10.6173,0,185.083,359.88,-309.03,49207,1,3
phys_PMT2,opticalphoton,2.55076e-06,2.83393,10.6485,0,192.445,359.88,-315.35,49353,1,3
phys_PMT2,opticalphoton,4.44117e-06,6.8961,14.727,0,203.927,359.88,-291.282,49702,49478,15
phys_PMT1,opticalphoton,5.40623e-06,2.59759,10.4642,0,-105.594,359.88,-289.577,50701,1,3
phys_PMT1,opticalphoton,2.9684e-06,2.59691,10.4686,0,-107.969,359.88,-290.314,51066,1,3
phys_PMT1,opticalphoton,3.68739e-06,2.58815,10.4754,0,-106.22,359.88,-292.726,51329,1,3
phys_PMT1,opticalphoton,2.70152e-06,2.57239,10.466,0,-94.5697,359.88,-292.57,51578,1,3
phys_PMT1,opticalphoton,3.71652e-06,2.60805,10.5102,0,-112.015,359.88,-301.608,51765,1,3
phys_PMT1,opticalphoton,6.11386e-06,2.58135,10.4834,0,-97.5126,359.88,-297.097,51700,1,3
phys_PMT1,opticalphoton,3.07334e-06,2.57444,10.4772,0,-93.4045,359.88,-296.137,51683,1,3
phys_PMT1,opticalphoton,3.15976e-06,2.59985,10.5143,0,-104.805,359.88,-304.577,51949,1,3
phys_PMT1,opticalphoton,4.28379e-06,2.58921,10.5033,0,-98.8885,359.88,-302.673,51924,1,3
phys_PMT1,opticalphoton,1.41253e-06,2.61752,10.5347,0,-115.473,359.88,-307.995,52013,1,3
phys_PMT1,opticalphoton,5.27741e-06,2.59123,10.5079,0,-101.646,359.88,-303.414,52004,1,3
phys_PMT1,opticalphoton,6.18835e-06,2.5939,10.5208,0,-103.481,359.88,-306.807,52238,1,3
phys_PMT1,opticalphoton,6.05053e-06,2.59138,10.5204,0,-102.988,359.88,-306.783,52373,1,3
phys_PMT1,opticalphoton,3.50859e-06,2.61411,10.5491,0,-113.05,359.88,-312.86,52448,1,3
phys_PMT1,opticalphoton,3.87546e-06,2.598,10.5311,0,-104.61,359.88,-309.575,52393,1,3
phys_PMT3,opticalphoton,5.85877e-06,13.5386,21.4766,0,14.7542,359.88,-198.756,52570,1,25
phys_PMT1,opticalphoton,2.13545e-06,2.61305,10.5523,0,-112.412,359.88,-313.966,52559,1,3
phys_PMT1,opticalphoton,2.77271e-06,2.60371,10.543,0,-107.552,359.88,-312.393,52487,1,3
phys_PMT1,opticalphoton,4.84583e-06,2.58109,10.5348,0,-95.0333,359.88,-312.803,52851,1,3
phys_PMT1,opticalphoton,5.60689e-06,2.60198,10.5609,0,-105.6,359.88,-318.157,52896,1,3
phys_PMT1,opticalphoton,2.88146e-06,2.5787,10.5508,0,-91.0304,359.88,-318.363,53212,1,3
phys_PMT1,opticalphoton,5.16997e-06,20.2426,28.2394,0,-103.867,359.88,-291.829,53772,1,49
phys_PMT5,opticalphoton,2.71413e-06,4.33938,12.3776,0,-205.296,359.88,-98.3219,54658,1,11
phys_PMT5,opticalphoton,4.73101e-06,2.02244,10.0798,0,-192.328,359.88,-96.4441,55121,54868,3
phys_PMT5,opticalphoton,1.84588e-06,2.02843,10.0857,0,-194.396,359.88,-97.5014,55107,54868,3
phys_PMT2,opticalphoton,4.03184e-06,2.59206,10.6563,0,210.845,359.88,-306.963,55294,54868,3
phys_PMT2,opticalphoton,4.12614e-06,8.6742,16.7458,0,194.339,359.88,-303.268,55370,54868,17
phys_PMT4,opticalphoton,1.47656e-06,1.88293,9.95574,0,107.081,359.88,-97.5125,55558,54868,3
phys_PMT4,opticalphoton,1.73952e-06,1.88111,9.95281,0,106.951,359.88,-96.1458,55529,54868,3
phys_PMT3,opticalphoton,3.31833e-06,2.1067,10.1915,0,11.552,359.88,-215.859,55753,54868,3
phys_PMT1,opticalphoton,2.23172e-06,3.67794,11.761,0,-95.5847,359.88,-311.493,55733,54868,7
phys_PMT1,opticalphoton,4.15629e-06,3.69957,11.7803,0,-85.6453,359.88,-305.042,55709,54868,7
phys_PMT3,opticalphoton,3.56619e-06,3.80388,11.8871,0,-4.67757,359.88,-208.251,55656,54868,7
phys_PMT3,opticalphoton,3.33525e-06,3.80612,11.8888,0,-3.56815,359.88,-206.731,55652,54868,7
phys_PMT1,opticalphoton,2.69058e-06,2.45951,10.542,0,-104.555,359.88,-314.469,55650,54868,3
phys_PMT1,opticalphoton,2.77752e-06,12.4524,20.5484,0,-108.376,359.88,-309.728,55983,54868,31
phys_PMT3,opticalphoton,2.32907e-06,15.4382,23.5381,0,5.04965,359.88,-208.681,56157,54868,35
phys_PMT2,opticalphoton,5.20677e-06,6.46287,14.5634,0,195.829,359.88,-298.387,56072,54868,13
phys_PMT4,opticalphoton,2.63963e-06,3.5764,11.6793,0,100.719,359.88,-95.843,56198,54868,7
phys_PMT1,opticalphoton,3.88481e-06,78.5231,86.6303,0,-92.6755,359.88,-294.609,56351,54868,129
phys_PMT4,opticalphoton,6.07994e-06,5.07757,13.1997,0,101.025,359.88,-98.5568,56626,54868,11
phys_PMT3,opticalphoton,3.04277e-06,20.8408,28.9672,0,-5.68235,359.88,-198.237,56704,54868,33
phys_PMT5,opticalphoton,4.98529e-06,4.38662,12.4531,0,-208.488,359.88,-90.6323,57147,1,15
phys_PMT2,opticalphoton,5.83487e-06,11.5275,19.5915,0,190.228,359.88,-308.932,57105,1,21
phys_PMT1,opticalphoton,1.80526e-06,11.6535,19.7309,0,-112.748,359.88,-301.627,57438,1,27
phys_PMT2,opticalphoton,3.69578e-06,2.99205,11.074,0,198.934,359.88,-315.892,57538,1,11
phys_PMT4,opticalphoton,6.17939e-06,12.8362,20.9266,0,101.29,359.88,-93.5087,57728,1,27
phys_PMT1,opticalphoton,1.43827e-06,10.7257,18.8453,0,-92.2391,359.88,-292.45,58282,1,19
phys_PMT2,opticalphoton,5.46799e-06,2.87642,11.0012,0,202.168,359.88,-318.621,58423,1,7
phys_PMT3,opticalphoton,3.33149e-06,27.3263,35.4495,0,1.16543,359.88,-205.303,58333,1,51
phys_PMT2,opticalphoton,3.13882e-06,2.90424,11.036,0,210.895,359.88,-312.01,58573,1,7
phys_PMT2,opticalphoton,3.04303e-06,2.89085,11.0321,0,208.053,359.88,-311.93,58808,1,7
phys_PMT2,opticalphoton,5.50611e-06,2.91506,11.0749,0,213.588,359.88,-301.654,59167,1,7
phys_PMT2,opticalphoton,4.28554e-06,3.61336,11.7849,0,203.419,359.88,-320.306,59378,59214,13
phys_PMT1,opticalphoton,2.99834e-06,16.5813,24.7503,0,-104.72,359.88,-305.29,59373,59214,27
phys_PMT2,opticalphoton,2.6646e-06,2.85952,11.0258,0,196.723,359.88,-309.058,59446,1,7
phys_PMT2,opticalphoton,2.93883e-06,2.88395,11.054,0,202.669,359.88,-303.157,59523,1,7
phys_PMT2,opticalphoton,5.94939e-06,2.88673,11.0652,0,204.294,359.88,-300.536,59744,1,7
phys_PMT2,opticalphoton,1.75511e-06,2.82827,11.0142,0,187.007,359.88,-308.604,59981,1,7
phys_PMT2,opticalphoton,5.88177e-06,2.88295,11.0704,0,203.842,359.88,-298.787,59956,1,7
phys_PMT1,opticalphoton,5.32502e-06,13.9189,22.1098,0,-106.35,359.88,-314.015,60030,1,21
phys_PMT2,opticalphoton,4.80198e-06,2.9032,11.0994,0,207.697,359.88,-291.84,60173,1,7
phys_PMT2,opticalphoton,4.8096e-06,2.89055,11.0871,0,203.951,359.88,-293.896,60132,1,7
phys_PMT2,opticalphoton,3.60834e-06,2.90628,11.104,0,208.596,359.88,-290.852,60087,1,7
phys_PMT2,opticalphoton,2.61777e-06,2.8744,11.0752,0,198.514,359.88,-295.147,60211,1,7
phys_PMT2,opticalphoton,3.60476e-06,2.87574,11.0826,0,198.492,359.88,-292.965,60377,1,7
phys_PMT2,opticalphoton,3.80712e-06,2.84765,11.0619,0,190.047,359.88,-295.669,60540,1,7
phys_PMT3,opticalphoton,5.33558e-06,23.5941,31.8183,0,3.50896,359.88,-217.349,60726,1,47
phys_PMT1,opticalphoton,2.83967e-06,2.62206,10.8944,0,-109.134,359.88,-318.18,61805,1,7
phys_PMT1,opticalphoton,6.12875e-06,2.62623,10.9067,0,-110.337,359.88,-314.805,62019,1,7
phys_PMT2,opticalphoton,3.06891e-06,12.1335,20.4117,0,208.25,359.88,-319.167,61966,1,21
phys_PMT1,opticalphoton,4.05804e-06,2.61959,10.9092,0,-108.706,359.88,-313.694,62169,1,7
phys_PMT1,opticalphoton,4.5405e-06,2.58627,10.8795,0,-91.4138,359.88,-318.601,62275,1,7
phys_PMT1,opticalphoton,2.96009e-06,2.58753,10.8801,0,-92.2031,359.88,-318.593,62273,1,7
phys_PMT1,opticalphoton,1.58513e-06,2.6266,10.9173,0,-113.913,359.88,-312.565,62252,1,7
phys_PMT1,opticalphoton,5.13417e-06,2.5953,10.8991,0,-97.5068,359.88,-314.091,62444,1,7
phys_PMT1,opticalphoton,4.63518e-06,2.6112,10.9159,0,-106.809,359.88,-311.229,62527,1,7
phys_PMT1,opticalphoton,2.11735e-06,2.61232,10.923,0,-107.491,359.88,-309.288,62672,1,7
phys_PMT1,opticalphoton,5.9135e-06,2.62612,10.9406,0,-115.669,359.88,-306.101,62798,1,7
phys_PMT1,opticalphoton,4.63794e-06,2.60398,10.9213,0,-105.988,359.88,-309.426,62905,1,7
phys_PMT1,opticalphoton,2.73216e-06,2.59138,10.9118,0,-98.9324,359.88,-310.618,62849,1,7
phys_PMT4,opticalphoton,4.091e-06,12.3667,20.6915,0,106.284,359.88,-91.1459,62954,1,23
phys_PMT1,opticalphoton,6.11992e-06,2.58085,10.9211,0,-93.2248,359.88,-306.608,63388,1,7
phys_PMT1,opticalphoton,5.15468e-06,2.61045,10.9538,0,-109.965,359.88,-300.733,63356,1,7
phys_PMT1,opticalphoton,3.74442e-06,2.58214,10.9226,0,-94.0135,359.88,-306.346,63355,1,7
phys_PMT1,opticalphoton,4.57812e-06,2.60718,10.9516,0,-108.224,359.88,-300.934,63510,1,7
phys_PMT1,opticalphoton,1.50868e-06,2.57345,10.9239,0,-89.9898,359.88,-305.101,63569,1,7
phys_PMT1,opticalphoton,1.72075e-06,2.58344,10.9431,0,-95.1959,359.88,-300.469,63735,1,7
phys_PMT1,opticalphoton,4.24917e-06,2.59706,10.9584,0,-103.378,359.88,-297.761,63867,1,7
phys_PMT1,opticalphoton,4.72245e-06,2.57511,10.941,0,-91.4909,359.88,-300.326,63936,1,7
phys_PMT1,opticalphoton,5.46744e-06,2.57598,10.9558,0,-90.2952,359.88,-295.673,64276,1,7
phys_PMT1,opticalphoton,2.80218e-06,2.5726,10.952,0,-88.1322,359.88,-296.348,64243,1,7
phys_PMT2,opticalphoton,5.03605e-06,11.1576,19.5584,0,200.995,359.88,-292.485,64729,1,27
phys_PMT3,opticalphoton,1.66964e-06,20.763,29.2385,0,15.9088,359.88,-201.825,66355,66046,43
phys_PMT2,opticalphoton,4.56723e-06,9.2481,17.7215,0,206.165,359.88,-298.702,66341,66046,13
phys_PMT4,opticalphoton,5.4133e-06,11.7605,20.4174,0,103.384,359.88,-101.358,71292,1,27
phys_PMT2,opticalphoton,4.81683e-06,4.94658,13.6422,0,191.999,359.88,-296.807,72077,72017,7
phys_PMT2,opticalphoton,6.13707e-06,5.44265,14.1349,0,195.883,359.88,-314.936,72068,72017,11
phys_PMT3,opticalphoton,2.3323e-06,17.4222,26.115,0,9.47273,359.88,-193.685,72263,1,31
phys_PMT3,opticalphoton,2.92208e-06,9.00675,17.6979,0,-0.490361,359.88,-190.089,72251,1,19
phys_PMT3,opticalphoton,5.87679e-06,9.04932,17.7472,0,-15.072,359.88,-197.757,72329,1,19
phys_PMT3,opticalphoton,5.32376e-06,2.46827,11.1712,0,0.490529,359.88,-221.802,72464,1,7
phys_PMT3,opticalphoton,3.85148e-06,2.46821,11.1708,0,-0.17733,359.88,-221.917,72378,1,7
phys_PMT3,opticalphoton,2.00159e-06,2.46742,11.1734,0,8.93235,359.88,-221.275,72559,1,7
phys_PMT3,opticalphoton,2.71287e-06,2.46599,11.1729,0,1.59286,359.88,-221.304,72539,1,7
phys_PMT3,opticalphoton,5.47737e-06,2.46602,11.1761,0,4.3107,359.88,-220.376,72638,1,7
phys_PMT3,opticalphoton,5.50755e-06,2.46604,11.1764,0,4.42834,359.88,-220.289,72626,1,7
phys_PMT3,opticalphoton,5.61159e-06,2.46347,11.176,0,-0.170329,359.88,-220.374,72713,1,7
phys_PMT3,opticalphoton,3.923e-06,2.46012,11.1836,0,7.45338,359.88,-218.18,72945,1,7
phys_PMT3,opticalphoton,4.11465e-06,2.45852,11.1819,0,-3.38954,359.88,-218.58,72861,1,7
phys_PMT3,opticalphoton,2.71241e-06,2.46027,11.1851,0,8.19527,359.88,-217.741,72857,1,7
phys_PMT3,opticalphoton,3.73017e-06,2.46043,11.1895,0,0.14753,359.88,-216.293,73049,1,7
phys_PMT3,opticalphoton,6.06521e-06,2.46315,11.1885,0,12.0056,359.88,-216.821,72979,1,7
phys_PMT3,opticalphoton,3.18008e-06,2.4607,11.1926,0,-5.1973,359.88,-215.36,73164,1,7
phys_PMT3,opticalphoton,6.10391e-06,2.46111,11.1937,0,0.895442,359.88,-215.031,73089,1,7
phys_PMT3,opticalphoton,3.27422e-06,2.46146,11.1931,0,3.07999,359.88,-215.244,73084,1,7
phys_PMT3,opticalphoton,4.77396e-06,2.46701,11.21,0,-17.2747,359.88,-210.388,73449,1,7
phys_PMT3,opticalphoton,2.17312e-06,2.47008,11.2132,0,15.0161,359.88,-209.52,73425,1,7
phys_PMT3,opticalphoton,3.57525e-06,2.47059,11.2177,0,16.4732,359.88,-208.24,73415,1,7
phys_PMT3,opticalphoton,5.19729e-06,2.46604,11.2132,0,-11.6137,359.88,-209.268,73398,1,7
phys_PMT3,opticalphoton,1.4775e-06,2.46807,11.2184,0,-8.49027,359.88,-207.642,73539,1,7
phys_PMT3,opticalphoton,4.46556e-06,2.46904,11.2192,0,-16.5303,359.88,-207.618,73486,1,7
phys_PMT3,opticalphoton,4.6186e-06,2.46903,11.2172,0,4.13771,359.88,-208.017,73478,1,7
phys_PMT3,opticalphoton,3.61604e-06,2.46889,11.2248,0,-17.1435,359.88,-205.934,73652,1,7
phys_PMT3,opticalphoton,2.69208e-06,2.49514,11.2489,0,4.79114,359.88,-222.826,73635,1,11
phys_PMT3,opticalphoton,3.63913e-06,2.47159,11.2402,0,13.2768,359.88,-201.322,73955,1,7
phys_PMT3,opticalphoton,4.66298e-06,2.46558,11.236,0,-12.1442,359.88,-202.42,74089,1,7
phys_PMT3,opticalphoton,2.32242e-06,17.4205,26.1932,0,3.40123,359.88,-216.733,74087,1,31
phys_PMT3,opticalphoton,2.90285e-06,2.47028,11.2422,0,17.8718,359.88,-200.923,74062,1,7
phys_PMT3,opticalphoton,2.65455e-06,2.46644,11.2433,0,-2.62586,359.88,-200.103,74230,1,7
phys_PMT3,opticalphoton,2.85103e-06,2.46746,11.2444,0,4.82939,359.88,-199.848,74225,1,7
phys_PMT3,opticalphoton,2.17915e-06,2.46638,11.2443,0,-3.358,359.88,-199.816,74156,1,7
phys_PMT3,opticalphoton,3.69893e-06,2.46475,11.2429,0,-9.52802,359.88,-200.286,74338,1,7
phys_PMT3,opticalphoton,5.47686e-06,2.46955,11.2508,0,16.3075,359.88,-198.277,74316,1,7
phys_PMT3,opticalphoton,1.94613e-06,2.46597,11.2509,0,4.55623,359.88,-197.891,74411,1,7
phys_PMT2,opticalphoton,5.19534e-06,17.9055,26.6939,0,194.933,359.88,-307.327,74478,1,35
phys_PMT1,opticalphoton,6.10598e-06,17.9368,26.7265,0,-94.2056,359.88,-299.24,74447,1,35
phys_PMT3,opticalphoton,6.06274e-06,2.46424,11.2513,0,14.1413,359.88,-198.022,74436,1,7
phys_PMT3,opticalphoton,3.93918e-06,2.46252,11.2657,0,-2.20843,359.88,-193.371,74804,1,7
phys_PMT3,opticalphoton,2.43236e-06,2.46256,11.2636,0,-11.633,359.88,-194.097,74745,1,7
phys_PMT3,opticalphoton,3.40326e-06,8.96874,17.7798,0,14.9832,359.88,-209.495,75010,1,19
phys_PMT3,opticalphoton,3.76086e-06,2.45228,11.2632,0,-5.16863,359.88,-194.137,74949,1,7
phys_PMT3,opticalphoton,6.00631e-06,2.44806,11.264,0,5.67659,359.88,-193.96,75055,1,7
phys_PMT3,opticalphoton,5.00839e-06,2.4466,11.264,0,-2.57907,359.88,-193.895,75048,1,7
phys_PMT5,opticalphoton,4.33832e-06,8.21777,17.0976,0,-202.056,359.88,-99.4149,76598,1,19
phys_PMT3,opticalphoton,2.0981e-06,8.82128,17.704,0,-12.1459,359.88,-199.887,76527,1,19
phys_PMT4,opticalphoton,1.53098e-06,20.0372,28.9229,0,101.367,359.88,-105.027,76694,1,41
phys_PMT3,opticalphoton,4.3594e-06,8.84245,17.7324,0,-3.47266,359.88,-204.225,76744,1,19
phys_PMT5,opticalphoton,3.16001e-06,11.6491,20.5459,0,-206.384,359.88,-90.2064,76850,1,29
phys_PMT1,opticalphoton,2.29068e-06,9.81969,18.7563,0,-115.355,359.88,-309.618,77778,1,25
phys_PMT1,opticalphoton,1.76005e-06,17.5222,26.4799,0,-89.7019,359.88,-299.796,78295,1,31
phys_PMT5,opticalphoton,3.40765e-06,2.7446,11.7065,0,-197.655,359.88,-104.09,78341,1,7
phys_PMT5,opticalphoton,5.622e-06,2.78397,11.7612,0,-209.519,359.88,-92.6747,78622,1,7
phys_PMT3,opticalphoton,4.90401e-06,8.83417,17.8138,0,-15.4943,359.88,-214.154,78753,1,23
phys_PMT5,opticalphoton,1.48488e-06,2.77063,11.7583,0,-200.666,359.88,-89.6492,78982,1,7
phys_PMT3,opticalphoton,2.18648e-06,8.77663,17.7702,0,5.31587,359.88,-211.187,79101,1,19
phys_PMT3,opticalphoton,2.4263e-06,8.83374,17.828,0,-11.0873,359.88,-216.341,79053,1,23
phys_PMT3,opticalphoton,4.97977e-06,8.72641,17.7233,0,-10.0029,359.88,-204.533,79228,1,19
phys_PMT5,opticalphoton,5.41489e-06,2.74614,11.7462,0,-192.71,359.88,-89.925,79226,1,7
phys_PMT1,opticalphoton,3.24534e-06,9.77117,18.7745,0,-95.365,359.88,-310.88,79333,1,29
phys_PMT1,opticalphoton,3.47267e-06,9.76033,18.7701,0,-97.0674,359.88,-312.651,79492,1,29
phys_PMT4,opticalphoton,4.08604e-06,2.61361,11.6304,0,109.436,359.88,-98.949,79589,1,7
phys_PMT4,opticalphoton,2.39514e-06,2.60028,11.6219,0,103.085,359.88,-99.8846,79766,1,7
phys_PMT1,opticalphoton,4.9843e-06,17.6951,26.7179,0,-93.8148,359.88,-310.682,79830,1,33
phys_PMT4,opticalphoton,3.75078e-06,2.61191,11.6494,0,107.677,359.88,-92.8509,80119,1,7
phys_PMT4,opticalphoton,5.39704e-06,2.57504,11.6175,0,90.0164,359.88,-98.2002,80246,1,7
phys_PMT4,opticalphoton,3.15975e-06,2.57909,11.6229,0,92.1039,359.88,-97.031,80225,1,7
phys_PMT2,opticalphoton,5.55384e-06,17.4381,26.4848,0,190.146,359.88,-296.26,80358,1,31
phys_PMT5,opticalphoton,1.81227e-06,7.89361,16.941,0,-191.037,359.88,-97.2621,80300,1,41
phys_PMT4,opticalphoton,5.72949e-06,2.59572,11.6469,0,99.0955,359.88,-91.507,80423,1,7
phys_PMT4,opticalphoton,2.6237e-06,2.59542,11.6547,0,98.0348,359.88,-88.9441,80585,1,7
phys_PMT2,opticalphoton,2.43387e-06,17.4127,26.4836,0,208.762,359.88,-294.63,80765,1,31
phys_PMT1,opticalphoton,1.95031e-06,9.57647,18.7131,0,-87.3647,359.88,-308.614,82306,1,25
phys_PMT3,opticalphoton,5.99537e-06,10.525,19.6912,0,-1.30626,359.88,-213.446,83020,1,35
phys_PMT2,opticalphoton,3.78359e-06,9.68768,18.8639,0,199.322,359.88,-316.506,83289,1,25
phys_PMT4,opticalphoton,3.66177e-06,20.9812,30.1664,0,97.5262,359.88,-102.294,83420,1,43
phys_PMT2,opticalphoton,5.05966e-06,17.3062,26.4988,0,194.665,359.88,-300.193,83654,1,31
phys_PMT2,opticalphoton,2.07472e-06,9.64501,18.8429,0,191.642,359.88,-318.121,83770,1,25
phys_PMT2,opticalphoton,1.88225e-06,9.63987,18.8441,0,190.833,359.88,-317.465,83993,1,25
phys_PMT5,opticalphoton,4.45626e-06,7.46752,16.7359,0,-195.534,359.88,-86.4054,85511,1,15
phys_PMT4,opticalphoton,3.1836e-06,7.45156,16.7251,0,107.65,359.88,-92.434,85571,1,15
phys_PMT5,opticalphoton,5.72816e-06,7.49619,16.796,0,-207.066,359.88,-102.529,86192,1,15
phys_PMT2,opticalphoton,4.33808e-06,9.52009,18.8308,0,192.387,359.88,-303.49,86409,1,23
phys_PMT2,opticalphoton,3.60617e-06,17.0226,26.333,0,211.807,359.88,-304.688,86368,1,35
phys_PMT1,opticalphoton,2.2825e-06,1.73027,11.1467,0,-111.802,359.88,-307.273,88999,88764,5
phys_PMT1,opticalphoton,5.0871e-06,1.77837,11.1951,0,-90.2524,359.88,-292.025,88987,88764,7
phys_PMT1,opticalphoton,6.14085e-06,1.76948,11.1915,0,-99.9505,359.88,-303.102,88937,88764,7
phys_PMT3,opticalphoton,5.97038e-06,16.0091,25.4919,0,5.23595,359.88,-187.509,90745,1,33
phys_PMT1,opticalphoton,2.97374e-06,8.43045,17.9292,0,-86.5466,359.88,-301.65,91019,1,19
phys_PMT1,opticalphoton,3.67021e-06,21.2631,30.7819,0,-99.2971,359.88,-292.021,91640,1,45
phys_PMT1,opticalphoton,2.61562e-06,8.427,17.9717,0,-101.166,359.88,-320.713,92203,1,19
phys_PMT2,opticalphoton,3.20287e-06,8.24228,17.7866,0,200.495,359.88,-299.574,92202,1,19
phys_PMT2,opticalphoton,2.75425e-06,8.22028,17.7722,0,203.978,359.88,-296.609,92366,1,19
phys_PMT1,opticalphoton,2.00373e-06,32.1036,41.6633,0,-97.4261,359.88,-291.253,92600,1,163
phys_PMT2,opticalphoton,5.46237e-06,8.27636,17.8504,0,192.223,359.88,-315.42,92949,1,19
phys_PMT5,opticalphoton,4.47127e-06,2.22737,11.8116,0,-208.391,359.88,-100.433,93216,1,6
phys_PMT5,opticalphoton,1.89529e-06,2.22594,11.8205,0,-209.665,359.88,-97.7298,93470,1,6
phys_PMT5,opticalphoton,2.46019e-06,2.22268,11.822,0,-209.326,359.88,-96.8435,93551,1,6
phys_PMT5,opticalphoton,5.06102e-06,2.22294,11.8255,0,-208.932,359.88,-95.0939,93675,1,6
phys_PMT3,opticalphoton,2.9867e-06,10.4068,20.0123,0,-2.47878,359.88,-219.665,93831,1,20
phys_PMT5,opticalphoton,4.59368e-06,2.19655,11.8072,0,-199.332,359.88,-95.5985,93982,1,6
phys_Sci2_PMT,opticalphoton,2.11468e-06,6.35666,17.8302,0,4.86824,349.89,-387.201,98040,1,18
phys_Sci2_PMT,opticalphoton,2.46555e-06,5.22508,17.7603,0,14.3562,349.89,-407.712,97991,1,8
phys_Sci2_PMT,opticalphoton,2.66329e-06,3.94678,19.05,0,1.74997,349.89,-398.118,97763,1,10
phys_Sci2_PMT,opticalphoton,1.9361e-06,20.3542,34.1986,0,-5.93467,349.89,-416.266,97717,1,20
phys_Sci2_PMT,opticalphoton,2.44914e-06,1.75375,13.0189,0,-10.3264,349.89,-392.794,97522,1,2
phys_Sci2_PMT,opticalphoton,2.8636e-06,1.75623,12.3694,0,-8.47254,349.89,-405.911,97519,1,2
phys_Sci2_PMT,opticalphoton,2.64102e-06,1.75811,11.9711,0,-12.2958,349.89,-411.56,96961,1,2
phys_Sci2_PMT,opticalphoton,2.83366e-06,5.24157,15.2545,0,11.3788,349.89,-396.345,96765,1,10
phys_Sci2_PMT,opticalphoton,2.52584e-06,1.76039,13.3213,0,4.24763,349.89,-409.578,96540,1,4
phys_Sci2_PMT,opticalphoton,2.0212e-06,6.35204,16.2724,0,14.7234,349.89,-398.087,96296,1,16
phys_Sci2_PMT,opticalphoton,3.06254e-06,1.75412,14.7696,0,-12.1363,349.89,-391.069,96290,1,4
phys_Sci2_PMT,opticalphoton,3.05411e-06,2.09412,11.8218,0,-15.403,349.89,-401.95,96095,1,16
phys_Sci2_PMT,opticalphoton,2.14013e-06,6.23402,18.5128,0,-6.72929,349.89,-394.984,96089,1,12
phys_Sci2_PMT,opticalphoton,1.83219e-06,1.9438,11.821,0,7.4456,349.89,-410.562,95749,1,12
phys_Sci2_PMT,opticalphoton,2.57697e-06,6.24598,17.2948,0,-7.2464,349.89,-402.222,95172,1,12
phys_Sci2_PMT,opticalphoton,2.4024e-06,1.79429,12.5864,0,1.96241,349.89,-389.571,95039,1,6
phys_Sci2_PMT,opticalphoton,2.60614e-06,1.75793,16.8592,0,1.34836,349.89,-410.123,94715,1,2
phys_Sci2_PMT,opticalphoton,2.56794e-06,3.98487,15.6917,0,-12.2926,349.89,-396.22,94658,1,4
phys_Sci2_PMT,opticalphoton,2.2416e-06,9.41657,20.4425,0,-11.9394,349.89,-392.234,94632,1,10
phys_Sci2_PMT,opticalphoton,2.96766e-06,1.80349,16.8164,0,-14.1264,349.89,-397.373,94197,1,6
phys_Sci2_PMT,opticalphoton,2.34046e-06,1.75575,16.3936,0,-0.789416,349.89,-392.502,102505,1,4
phys_Sci2_PMT,opticalphoton,2.6269e-06,1.80401,12.6799,0,13.6477,349.89,-402.513,102503,1,6
phys_Sci2_PMT,opticalphoton,2.69468e-06,4.90277,18.3971,0,-2.81121,349.89,-414.998,101927,1,36
phys_Sci2_PMT,opticalphoton,2.51008e-06,6.21394,16.9858,0,-11.6666,349.89,-395.734,101801,1,10
phys_Sci2_PMT,opticalphoton,2.54381e-06,1.84192,15.0867,0,13.799,349.89,-404.697,101556,1,8
phys_Sci2_PMT,opticalphoton,2.43005e-06,19.4469,31.6701,0,-5.55565,349.89,-384.099,101469,1,18
phys_Sci2_PMT,opticalphoton,2.95364e-06,1.7605,19.4281,0,-10.513,349.89,-407.565,101366,1,4
phys_Sci2_PMT,opticalphoton,2.31231e-06,1.80445,15.0406,0,2.78024,349.89,-402.937,101333,1,6
phys_Sci2_PMT,opticalphoton,2.84315e-06,6.26265,16.7263,0,15.9532,349.89,-402.446,100937,1,12
phys_Sci2_PMT,opticalphoton,2.70693e-06,1.8084,12.8833,0,-13.8733,349.89,-408.47,100920,1,6
phys_Sci2_PMT,opticalphoton,3.04083e-06,3.80207,14.083,0,-15.3571,349.89,-394.966,100854,1,6
phys_Sci2_PMT,opticalphoton,2.55484e-06,3.94654,13.6719,0,-3.20906,349.89,-402.958,100829,1,6
phys_Sci2_PMT,opticalphoton,2.25842e-06,1.76656,13.4924,0,-8.69812,349.89,-402.653,100794,1,4
phys_Sci2_PMT,opticalphoton,2.88686e-06,1.76599,11.5346,0,-1.53929,349.89,-405.874,100736,1,4
phys_Sci2_PMT,opticalphoton,2.7072e-06,1.91598,11.8625,0,-10.8123,349.89,-394.208,100735,1,12
phys_Sci2_PMT,opticalphoton,2.90157e-06,1.75495,11.7546,0,-9.61952,349.89,-401.497,100241,1,2
phys_Sci2_PMT,opticalphoton,2.37091e-06,5.28895,17.8951,0,13.3187,349.89,-408.942,99808,1,16
phys_Sci2_PMT,opticalphoton,2.3517e-06,5.2045,18.6022,0,1.83083,349.89,-397.965,99765,1,6
phys_Sci2_PMT,opticalphoton,3.02362e-06,1.76047,14.5692,0,4.22065,349.89,-407.257,99647,1,4
phys_Sci2_PMT,opticalphoton,3.00684e-06,1.80732,16.1306,0,7.93736,349.89,-393.647,99407,1,8
phys_Sci2_PMT,opticalphoton,3.00982e-06,1.79358,14.8958,0,-5.58828,349.89,-393.465,99383,1,6
phys_Sci2_PMT,opticalphoton,2.68684e-06,1.75578,12.6725,0,9.15404,349.89,-401.025,106803,1,2
phys_Sci2_PMT,opticalphoton,2.59855e-06,33.222,46.0172,0,-3.89844,349.89,-402.147,106665,1,22
phys_Sci2_PMT,opticalphoton,2.57244e-06,12.7143,28.0696,0,2.33438,349.89,-384.605,106500,1,26
phys_Sci2_PMT,opticalphoton,2.41139e-06,1.82974,13.3285,0,13.1038,349.89,-410.343,106329,1,8
phys_Sci2_PMT,opticalphoton,2.78458e-06,1.75386,13.5722,0,0.426299,349.89,-387.217,106170,1,2
phys_Sci2_PMT,opticalphoton,2.20658e-06,1.76388,12.3097,0,10.8999,349.89,-408.01,105849,1,4
phys_Sci2_PMT,opticalphoton,2.60637e-06,6.31713,18.134,0,-3.02464,349.89,-410.596,105763,1,14
phys_Sci2_PMT,opticalphoton,2.78328e-06,1.75654,20.8345,0,-8.76325,349.89,-394.129,105478,1,4
phys_Sci2_PMT,opticalphoton,2.11638e-06,3.87502,17.2613,0,-0.371162,349.89,-389.283,105249,1,8
phys_Sci2_PMT,opticalphoton,2.2587e-06,1.88898,17.2693,0,1.96997,349.89,-391.833,105225,1,10
phys_Sci2_PMT,opticalphoton,2.46414e-06,1.78594,21.202,0,4.42866,349.89,-393.41,105076,1,6
phys_Sci2_PMT,opticalphoton,2.46109e-06,5.21462,22.4195,0,10.5612,349.89,-394.592,104785,1,8
phys_Sci2_PMT,opticalphoton,1.88231e-06,1.93107,11.8563,0,9.74196,349.89,-394.546,104702,1,12
phys_Sci2_PMT,opticalphoton,2.8703e-06,1.98045,13.714,0,9.28562,349.89,-399.383,104603,1,12
phys_Sci2_PMT,opticalphoton,2.83164e-06,1.82405,15.4633,0,-12.189,349.89,-405.255,104525,1,8
phys_Sci2_PMT,opticalphoton,2.91289e-06,1.83085,18.9989,0,-0.663733,349.89,-409.521,104469,1,8
phys_Sci2_PMT,opticalphoton,2.86137e-06,7.15484,19.2244,0,-3.49124,349.89,-389.559,104429,1,6
phys_Sci2_PMT,opticalphoton,2.11262e-06,1.75339,12.3835,0,-6.90448,349.89,-389.461,104427,1,2
phys_Sci2_PMT,opticalphoton,2.90926e-06,1.88546,14.017,0,-6.20395,349.89,-393.273,104291,1,10
phys_Sci2_PMT,opticalphoton,1.95727e-06,1.75721,18.713,0,9.67724,349.89,-408.816,104057,1,2
phys_Sci2_PMT,opticalphoton,2.98541e-06,12.6604,24.4132,0,11.4684,349.89,-407.884,103623,1,14
phys_Sci2_PMT,opticalphoton,2.58854e-06,2.61811,13.8471,0,0.16378,349.89,-403.213,103414,1,24
phys_Sci2_PMT,opticalphoton,2.97358e-06,1.81221,16.2617,0,-4.8226,349.89,-415.972,110579,1,6
phys_Sci2_PMT,opticalphoton,2.52379e-06,1.98528,15.6061,0,7.49507,349.89,-390.976,110514,1,12
phys_Sci2_PMT,opticalphoton,2.74678e-06,2.11243,21.8553,0,-5.42113,349.89,-411.268,110355,1,16
phys_Sci2_PMT,opticalphoton,2.92138e-06,1.98551,16.1543,0,-6.80698,349.89,-390.488,110173,1,12
phys_Sci2_PMT,opticalphoton,2.71468e-06,7.17723,17.541,0,1.78061,349.89,-396.277,109961,1,16
phys_Sci2_PMT,opticalphoton,2.71089e-06,1.75718,14.1655,0,8.81418,349.89,-412.096,109865,1,2
phys_Sci2_PMT,opticalphoton,2.97372e-06,13.8342,27.754,0,12.8355,349.89,-388.725,109757,1,40
phys_Sci2_PMT,opticalphoton,2.07772e-06,4.09852,14.9889,0,-5.45821,349.89,-403.322,109731,1,16
phys_Sci2_PMT,opticalphoton,2.9232e-06,5.27985,15.2511,0,-6.03395,349.89,-410.421,109681,1,14
phys_Sci2_PMT,opticalphoton,3.05055e-06,16.5055,29.8878,0,12.7429,349.89,-410.542,109543,1,16
phys_Sci2_PMT,opticalphoton,2.1941e-06,1.82971,13.4179,0,15.6711,349.89,-406.124,109331,1,8
phys_Sci2_PMT,opticalphoton,2.25921e-06,1.75851,14.3199,0,2.67697,349.89,-415.619,109313,1,4
phys_Sci2_PMT,opticalphoton,2.9721e-06,1.75403,13.1409,0,-0.724737,349.89,-402.278,109207,1,2
phys_Sci2_PMT,opticalphoton,2.67458e-06,2.48733,15.5972,0,-6.98,349.89,-401.062,109192,1,22
phys_Sci2_PMT,opticalphoton,3.03808e-06,1.85238,12.4795,0,0.408053,349.89,-388.273,108905,1,8
phys_Sci2_PMT,opticalphoton,2.60526e-06,1.77122,22.1252,0,5.22941,349.89,-390.275,108674,1,4
phys_Sci2_PMT,opticalphoton,2.09732e-06,1.7667,15.4571,0,9.96847,349.89,-409.668,108644,1,4
phys_Sci2_PMT,opticalphoton,2.76445e-06,1.78248,13.8751,0,8.96406,349.89,-402.203,108273,1,6
phys_Sci2_PMT,opticalphoton,2.98507e-06,1.77744,12.77,0,11.0876,349.89,-409.173,108206,1,6
phys_Sci2_PMT,opticalphoton,2.08445e-06,5.23731,23.2183,0,-9.55567,349.89,-390.61,108100,1,10
phys_Sci2_PMT,opticalphoton,2.93955e-06,1.88286,12.7366,0,-5.42039,349.89,-396.912,107947,1,10
phys_Sci2_PMT,opticalphoton,2.50344e-06,6.5119,17.2412,0,-16.0004,349.89,-402.269,107832,1,24
phys_Sci2_PMT,opticalphoton,2.92932e-06,1.7541,12.9424,0,-0.182174,349.89,-387.028,107456,1,2
phys_Sci2_PMT,opticalphoton,2.87668e-06,1.79049,14.2067,0,-9.17571,349.89,-391.255,107130,1,6
phys_Sci2_PMT,opticalphoton,2.52602e-06,1.76992,12.9735,0,11.2783,349.89,-411.024,113936,1,4
phys_Sci2_PMT,opticalphoton,2.81774e-06,1.81019,12.4606,0,-6.06666,349.89,-415.228,113927,1,8
phys_Sci2_PMT,opticalphoton,2.09055e-06,1.89744,18.3736,0,-10.7628,349.89,-391.994,113767,1,10
phys_Sci2_PMT,opticalphoton,2.99763e-06,1.76906,18.708,0,14.1067,349.89,-407.022,113670,1,4
phys_Sci2_PMT,opticalphoton,2.9554e-06,1.7586,14.996,0,-3.80012,349.89,-394.305,113395,1,4
phys_Sci2_PMT,opticalphoton,2.80221e-06,5.20329,25.7618,0,-14.602,349.89,-404.759,113394,1,4
phys_Sci2_PMT,opticalphoton,2.61955e-06,1.77531,15.9225,0,-5.22861,349.89,-386.516,113295,1,6
phys_Sci2_PMT,opticalphoton,1.92945e-06,1.76897,14.2328,0,4.37644,349.89,-410.719,113155,1,4
phys_Sci2_PMT,opticalphoton,2.99734e-06,2.11797,12.5027,0,-14.6303,349.89,-407.018,113085,1,16
phys_Sci2_PMT,opticalphoton,2.92185e-06,1.75432,15.7601,0,-0.32951,349.89,-389.071,113056,1,2
phys_Sci2_PMT,opticalphoton,2.55052e-06,2.16576,14.8415,0,-1.20902,349.89,-410.347,112839,1,16
phys_Sci2_PMT,opticalphoton,2.10414e-06,1.75438,15.0852,0,3.58253,349.89,-395.378,112796,1,2
phys_Sci2_PMT,opticalphoton,2.6763e-06,1.95145,17.9662,0,5.45969,349.89,-403.682,112332,1,12
phys_Sci2_PMT,opticalphoton,2.9245e-06,6.32779,16.5196,0,-10.2253,349.89,-410.21,112258,1,12
phys_Sci2_PMT,opticalphoton,3.08723e-06,26.3041,37.4613,0,0.710979,349.89,-401.96,112021,1,22
phys_Sci2_PMT,opticalphoton,2.84052e-06,1.77632,12.3594,0,9.74681,349.89,-385.471,111975,1,6
phys_Sci2_PMT,opticalphoton,3.02599e-06,9.46215,19.4698,0,-12.1065,349.89,-389.53,111918,1,18
phys_Sci2_PMT,opticalphoton,2.98959e-06,1.93744,13.1542,0,0.785498,349.89,-391.606,111890,1,12
phys_Sci2_PMT,opticalphoton,2.74057e-06,1.82525,14.6683,0,15.6637,349.89,-406.75,111678,1,8
phys_Sci2_PMT,opticalphoton,2.64382e-06,3.97549,24.7737,0,-9.75519,349.89,-385.619,111663,1,6
phys_Sci2_PMT,opticalphoton,2.83825e-06,1.76226,12.6685,0,1.15882,349.89,-398.701,111523,1,4
phys_Sci2_PMT,opticalphoton,2.18106e-06,1.84085,11.8389,0,3.50225,349.89,-391.68,111199,1,8
phys_Sci2_PMT,opticalphoton,2.97893e-06,1.81897,17.4985,0,2.34684,349.89,-407.759,111168,1,8
phys_Sci2_PMT,opticalphoton,2.15853e-06,1.79383,14.2807,0,11.3559,349.89,-401.875,111155,1,6
phys_Sci2_PMT,opticalphoton,2.84604e-06,1.75394,11.8473,0,-10.3599,349.89,-390.801,111111,1,2
phys_Sci2_PMT,opticalphoton,2.96637e-06,1.86829,20.0625,0,1.87913,349.89,-410.429,110971,1,10
phys_Sci2_PMT,opticalphoton,2.91555e-06,19.4388,34.3404,0,5.32125,349.89,-413.155,110870,1,18
phys_Sci2_PMT,opticalphoton,2.12524e-06,1.87805,17.1873,0,1.26904,349.89,-406.375,116892,1,10
phys_Sci2_PMT,opticalphoton,2.66473e-06,1.8391,13.978,0,7.36726,349.89,-402.881,116532,1,8
phys_Sci2_PMT,opticalphoton,2.36239e-06,1.78383,13.307,0,0.899976,349.89,-407.382,116272,1,6
phys_Sci2_PMT,opticalphoton,2.83713e-06,1.84897,21.5821,0,-8.53115,349.89,-410.97,115927,1,8
phys_Sci2_PMT,opticalphoton,3.00616e-06,1.79171,13.8826,0,7.0286,349.89,-406.221,115631,1,6
phys_Sci2_PMT,opticalphoton,2.92081e-06,1.78925,14.2767,0,12.7448,349.89,-402.608,115256,1,6
phys_Sci2_PMT,opticalphoton,3.04919e-06,1.97351,12.8094,0,-8.83154,349.89,-404.872,115062,1,12
phys_Sci2_PMT,opticalphoton,2.32986e-06,2.14929,20.0033,0,-14.1251,349.89,-391.877,114872,1,16
phys_Sci2_PMT,opticalphoton,1.82576e-06,1.77866,17.8245,0,-6.56739,349.89,-412.218,114749,1,6
phys_Sci2_PMT,opticalphoton,3.0088e-06,1.75421,12.3063,0,-0.045405,349.89,-411.395,114339,1,2
phys_Sci2_PMT,opticalphoton,2.53203e-06,1.7764,17.811,0,0.7782,349.89,-389.363,114309,1,6
phys_Sci2_PMT,opticalphoton,3.09049e-06,1.78677,11.8109,0,-0.310622,349.89,-402.676,114305,1,6
phys_Sci2_PMT,opticalphoton,2.18044e-06,5.22577,19.2669,0,9.62675,349.89,-406.203,114170,1,10
phys_Sci2_PMT,opticalphoton,3.03112e-06,1.75438,18.0407,0,-5.43824,349.89,-389.911,114158,1,2
phys_Sci2_PMT,opticalphoton,3.022e-06,1.76232,12.0246,0,-14.6487,349.89,-396.931,114117,1,4
phys_Sci2_PMT,opticalphoton,2.57998e-06,5.20212,22.9657,0,-2.90869,349.89,-397.541,119396,113995,4
phys_Sci2_PMT,opticalphoton,1.88081e-06,3.95809,14.5447,0,2.97121,349.89,-404.3,119212,113995,10
phys_Sci2_PMT,opticalphoton,2.68871e-06,5.22389,19.2193,0,-7.47992,349.89,-404.053,119189,113995,10
phys_Sci2_PMT,opticalphoton,2.75939e-06,6.31371,19.3225,0,2.47266,349.89,-397.481,119146,113995,14
phys_Sci2_PMT,opticalphoton,3.08516e-06,1.7581,11.5522,0,-13.6937,349.89,-408.38,119130,113995,4
phys_Sci2_PMT,opticalphoton,2.83708e-06,1.75658,16.7719,0,-7.45759,349.89,-413.6,118977,113995,4
phys_Sci2_PMT,opticalphoton,1.82677e-06,1.75684,12.8417,0,-10.4714,349.89,-386.246,118971,113995,2
phys_Sci2_PMT,opticalphoton,2.84463e-06,1.75457,14.5817,0,-17.0607,349.89,-398.299,118872,113995,2
phys_Sci2_PMT,opticalphoton,2.48267e-06,1.97786,17.2143,0,-10.37,349.89,-386.064,118864,113995,12
phys_Sci2_PMT,opticalphoton,3.03946e-06,8.63744,21.8966,0,6.81495,349.89,-406.48,118713,113995,12
phys_Sci2_PMT,opticalphoton,2.78317e-06,1.83991,19.8724,0,-6.20739,349.89,-388.172,118578,113995,8
phys_Sci2_PMT,opticalphoton,2.5017e-06,6.34997,17.7528,0,-11.2654,349.89,-406.623,118555,113995,14
phys_Sci2_PMT,opticalphoton,2.86395e-06,3.98218,21.8133,0,-11.1648,349.89,-388.417,118522,113995,6
phys_Sci2_PMT,opticalphoton,2.62017e-06,7.08952,20.7041,0,11.131,349.89,-394.643,118497,113995,8
phys_Sci2_PMT,opticalphoton,2.78005e-06,20.3651,32.8525,0,5.71808,349.89,-386.359,118473,113995,18
phys_Sci2_PMT,opticalphoton,2.98097e-06,1.77606,12.2581,0,-6.04071,349.89,-390.097,118044,113995,6
phys_Sci2_PMT,opticalphoton,2.06008e-06,5.21402,16.205,0,-15.3359,349.89,-401.67,117800,113995,8
phys_Sci2_PMT,opticalphoton,2.65272e-06,1.78359,12.2627,0,-10.8073,349.89,-400.094,117548,113995,6
phys_Sci2_PMT,opticalphoton,2.84777e-06,1.75566,12.1367,0,-5.47969,349.89,-412.11,120214,113995,2
phys_Sci2_PMT,opticalphoton,2.1369e-06,2.34079,12.342,0,4.97689,349.89,-391.211,120177,113995,20
phys_Sci2_PMT,opticalphoton,2.10385e-06,1.90162,25.6336,0,0.125016,349.89,-412.614,119979,113995,10
phys_Sci2_PMT,opticalphoton,2.91018e-06,1.77432,17.419,0,9.08859,349.89,-409.701,119841,113995,4
phys_Sci2_PMT,opticalphoton,2.29895e-06,1.93471,20.4014,0,14.8914,349.89,-406.96,119836,113995,12
phys_Sci2_PMT,opticalphoton,2.21911e-06,1.7616,11.8348,0,-9.9178,349.89,-388.853,119659,113995,4
phys_Sci2_PMT,opticalphoton,2.66846e-06,1.86486,12.1435,0,0.178938,349.89,-392.306,119638,113995,10
phys_Sci2_PMT,opticalphoton,2.75715e-06,1.82965,12.6443,0,11.3347,349.89,-396.381,120499,113995,8
phys_Sci2_PMT,opticalphoton,2.93299e-06,6.43691,26.7606,0,-1.08575,349.89,-410.188,120472,113995,22
phys_Sci2_PMT,opticalphoton,2.64566e-06,1.78982,12.3199,0,6.98508,349.89,-405.451,120327,113995,6
phys_Sci2_PMT,opticalphoton,2.96952e-06,4.07183,15.184,0,14.5311,349.89,-402.032,120297,113995,16
phys_Sci2_PMT,opticalphoton,2.46627e-06,3.90281,18.0602,0,7.40997,349.89,-392.989,120534,113995,8
phys_Sci2_PMT,opticalphoton,2.44869e-06,2.1135,12.139,0,15.6216,349.89,-403.17,121457,113995,16
phys_Sci2_PMT,opticalphoton,2.91436e-06,6.22392,22.2492,0,-6.17183,349.89,-412.248,121389,113995,6
phys_Sci2_PMT,opticalphoton,2.16371e-06,1.76345,12.2139,0,14.6572,349.89,-398.165,121350,113995,4
phys_Sci2_PMT,opticalphoton,2.8071e-06,4.31182,15.3278,0,-9.25395,349.89,-395.874,121177,113995,24
phys_Sci2_PMT,opticalphoton,2.01516e-06,1.80243,12.7077,0,-6.95672,349.89,-391.21,121077,113995,6
phys_Sci2_PMT,opticalphoton,2.1244e-06,5.20726,18.425,0,-6.69313,349.89,-386.302,121003,113995,6
phys_Sci2_PMT,opticalphoton,2.75385e-06,22.8934,36.0173,0,7.78271,349.89,-397.351,120930,113995,18
phys_Sci2_PMT,opticalphoton,2.10655e-06,6.4081,17.2198,0,10.1188,349.89,-399.623,120833,113995,22
phys_Sci2_PMT,opticalphoton,2.07624e-06,1.89317,11.9998,0,-2.41023,349.89,-403.241,125778,1,10
phys_Sci2_PMT,opticalphoton,2.32042e-06,1.95825,15.9813,0,-9.95273,349.89,-395.021,125315,1,12
phys_Sci2_PMT,opticalphoton,2.49789e-06,1.76535,17.9487,0,8.6346,349.89,-389.404,125208,1,4
phys_Sci2_PMT,opticalphoton,2.94882e-06,1.78843,13.5128,0,-6.70457,349.89,-405.743,125062,1,6
phys_Sci2_PMT,opticalphoton,2.42012e-06,1.77086,12.3663,0,-5.60511,349.89,-386.911,124138,1,6
phys_Sci2_PMT,opticalphoton,1.8675e-06,1.79495,13.5332,0,-4.85844,349.89,-399.545,124020,1,6
phys_Sci2_PMT,opticalphoton,2.66348e-06,6.29128,17.4354,0,-2.84074,349.89,-388.12,123817,1,8
phys_Sci2_PMT,opticalphoton,2.65585e-06,1.917,15.6599,0,-3.23039,349.89,-412.217,123703,1,12
phys_Sci2_PMT,opticalphoton,2.62034e-06,6.35338,22.7943,0,-1.89802,349.89,-384.882,123522,1,16
phys_Sci2_PMT,opticalphoton,2.75983e-06,1.75672,18.0421,0,2.79853,349.89,-386.753,123231,1,2
phys_Sci2_PMT,opticalphoton,2.95395e-06,1.8089,11.9807,0,-13.3544,349.89,-407.195,123204,1,8
phys_Sci2_PMT,opticalphoton,3.069e-06,1.82657,12.7535,0,6.78954,349.89,-389.797,123159,1,8
phys_Sci2_PMT,opticalphoton,2.99389e-06,1.75673,16.309,0,8.55306,349.89,-414.127,123104,1,4
phys_Sci2_PMT,opticalphoton,2.7127e-06,1.75918,12.8281,0,7.15776,349.89,-402.342,122993,1,4
phys_Sci2_PMT,opticalphoton,2.65184e-06,1.76004,14.5321,0,-0.974058,349.89,-388.924,122786,1,4
phys_Sci2_PMT,opticalphoton,3.028e-06,1.88682,23.4534,0,5.45648,349.89,-405.806,122714,1,10
phys_Sci2_PMT,opticalphoton,2.11816e-06,1.84247,19.1103,0,8.87237,349.89,-385.447,122296,1,8
phys_Sci2_PMT,opticalphoton,2.21664e-06,1.75869,15.016,0,11.9241,349.89,-408.509,122092,1,4
phys_Sci2_PMT,opticalphoton,3.07872e-06,12.7096,23.9051,0,-14.3922,349.89,-394.436,122079,1,20
phys_Sci2_PMT,opticalphoton,2.26604e-06,8.73625,18.5446,0,-1.95436,349.89,-395.548,121920,1,16
phys_Sci2_PMT,opticalphoton,2.20674e-06,1.75817,13.0379,0,-15.8469,349.89,-404.597,121876,1,4
phys_Sci2_PMT,opticalphoton,2.00876e-06,9.34584,19.3306,0,-11.373,349.89,-389.766,129717,1,10
phys_Sci2_PMT,opticalphoton,2.85769e-06,1.80459,12.0649,0,-14.5697,349.89,-395.972,129711,1,6
phys_Sci2_PMT,opticalphoton,2.83283e-06,3.9637,16.0812,0,-0.54503,349.89,-397.214,129593,1,14
phys_Sci2_PMT,opticalphoton,2.55549e-06,1.80603,15.0685,0,3.95162,349.89,-395.367,129377,1,6
phys_Sci2_PMT,opticalphoton,3.03587e-06,4.19982,17.9966,0,-15.8389,349.89,-402.498,129287,1,18
phys_Sci2_PMT,opticalphoton,2.48266e-06,1.81243,14.4961,0,6.51781,349.89,-403.387,129233,1,8
phys_Sci2_PMT,opticalphoton,2.55388e-06,1.75533,14.1281,0,8.58827,349.89,-408.67,129171,1,2
phys_Sci2_PMT,opticalphoton,1.86858e-06,1.76484,17.1576,0,9.5754,349.89,-386.888,128851,1,4
phys_Sci2_PMT,opticalphoton,2.80469e-06,1.7553,11.5189,0,8.07404,349.89,-404.676,128763,1,2
phys_Sci2_PMT,opticalphoton,2.12336e-06,1.88845,14.0163,0,1.64414,349.89,-408.256,128748,1,10
phys_Sci2_PMT,opticalphoton,2.9701e-06,1.97197,18.298,0,10.9172,349.89,-396.553,128747,1,12
phys_Sci2_PMT,opticalphoton,2.23265e-06,1.77079,15.3692,0,-5.03163,349.89,-406.229,128652,1,4
phys_Sci2_PMT,opticalphoton,2.64467e-06,1.84456,17.8695,0,-1.83005,349.89,-385.093,128617,1,10
phys_Sci2_PMT,opticalphoton,2.08716e-06,1.75638,11.9862,0,10.6709,349.89,-399.95,128590,1,2
phys_Sci2_PMT,opticalphoton,2.65423e-06,1.75951,15.7633,0,-2.91331,349.89,-395.709,128329,1,4
phys_Sci2_PMT,opticalphoton,2.44673e-06,1.75514,12.5902,0,3.15215,349.89,-414.598,128086,1,4
phys_Sci2_PMT,opticalphoton,2.32541e-06,2.0261,15.1978,0,-0.0874895,349.89,-414.666,127240,1,14
phys_Sci2_PMT,opticalphoton,2.55386e-06,10.5929,21.7716,0,6.30611,349.89,-399.978,127115,1,10
phys_Sci2_PMT,opticalphoton,2.23921e-06,6.71126,17.4039,0,-4.93741,349.89,-393.356,126823,1,34
phys_Sci2_PMT,opticalphoton,2.63725e-06,1.8021,13.5362,0,-11.4943,349.89,-396.656,126196,1,6
phys_Sci2_PMT,opticalphoton,2.94647e-06,17.1125,27.1357,0,12.6136,349.89,-391.794,126110,1,22
phys_Sci2_PMT,opticalphoton,2.88266e-06,1.75589,14.5558,0,-6.73742,349.89,-391.953,126073,1,2
phys_Sci2_PMT,opticalphoton,2.78202e-06,1.91458,12.6557,0,-16.5388,349.89,-397.236,125950,1,10
phys_Sci2_PMT,opticalphoton,2.85916e-06,1.88776,14.0033,0,5.47325,349.89,-410.488,125937,1,10
phys_Sci2_PMT,opticalphoton,2.76584e-06,3.94419,19.3002,0,12.3005,349.89,-394.185,130300,1,10
phys_Sci2_PMT,opticalphoton,2.65528e-06,1.85736,12.1708,0,11.3597,349.89,-404.49,129972,1,8
phys_Sci2_PMT,opticalphoton,2.70846e-06,3.93315,13.7273,0,-2.89574,349.89,-387.326,131392,129798,12
phys_Sci2_PMT,opticalphoton,3.04375e-06,1.7622,11.5778,0,5.32301,349.89,-386.035,131188,129798,4
phys_Sci2_PMT,opticalphoton,1.88648e-06,1.92668,19.3942,0,-6.16339,349.89,-391.575,130887,129798,10
phys_Sci2_PMT,opticalphoton,2.21602e-06,1.7581,11.7651,0,1.51382,349.89,-385.2,130668,129798,2
phys_Sci2_PMT,opticalphoton,2.62875e-06,1.79083,15.3414,0,-8.34414,349.89,-407.395,130541,129798,6
phys_Sci2_PMT,opticalphoton,2.37531e-06,1.8461,13.4908,0,-12.3901,349.89,-399.796,131762,129798,8
phys_Sci2_PMT,opticalphoton,2.08831e-06,1.75932,13.3251,0,1.5108,349.89,-386.055,131721,129798,4
phys_Sci2_PMT,opticalphoton,2.5093e-06,1.87134,16.1222,0,6.41588,349.89,-414.397,131479,129798,8
phys_Sci2_PMT,opticalphoton,3.00666e-06,1.75593,16.4908,0,5.31974,349.89,-387.47,131457,129798,2
phys_Sci2_PMT,opticalphoton,2.99061e-06,5.23742,15.6937,0,-3.18935,349.89,-386.215,132771,129798,12
phys_Sci2_PMT,opticalphoton,2.81798e-06,3.9765,14.7267,0,-5.20584,349.89,-404.861,132577,129798,10
phys_Sci2_PMT,opticalphoton,2.62788e-06,1.75513,14.4416,0,-10.0784,349.89,-392.772,132468,129798,4
phys_Sci2_PMT,opticalphoton,2.00957e-06,1.76141,12.8667,0,-3.81326,349.89,-393.131,132394,129798,4
phys_Sci2_PMT,opticalphoton,2.48973e-06,1.76354,14.7316,0,3.99645,349.89,-394.991,132131,129798,4
phys_Sci2_PMT,opticalphoton,2.58044e-06,1.76898,12.5732,0,-7.75695,349.89,-390.878,137240,1,6
phys_Sci2_PMT,opticalphoton,2.29589e-06,1.91699,16.1668,0,-15.0672,349.89,-397.384,137044,1,10
phys_Sci2_PMT,opticalphoton,2.07269e-06,1.79419,15.6208,0,3.76366,349.89,-410.349,136826,1,6
phys_Sci2_PMT,opticalphoton,2.50411e-06,2.14736,14.0911,0,0.259333,349.89,-385.248,136644,1,18
phys_Sci2_PMT,opticalphoton,2.1933e-06,37.31,47.5656,0,3.67485,349.89,-397.002,136440,1,62
phys_Sci2_PMT,opticalphoton,2.81485e-06,8.69815,24.4215,0,-9.90881,349.89,-398.469,136242,1,10
phys_Sci2_PMT,opticalphoton,2.83906e-06,11.1895,23.426,0,4.08453,349.89,-392.089,136060,1,14
phys_Sci2_PMT,opticalphoton,2.94571e-06,1.81532,15.5271,0,3.94756,349.89,-390.325,135898,1,6
phys_Sci2_PMT,opticalphoton,2.05798e-06,1.75962,12.453,0,15.0499,349.89,-397.721,135816,1,2
phys_Sci2_PMT,opticalphoton,2.91443e-06,1.80023,14.4446,0,4.20513,349.89,-404.302,135373,1,6
phys_Sci2_PMT,opticalphoton,2.08533e-06,1.81971,22.4102,0,-4.1081,349.89,-387.432,135344,1,6
phys_Sci2_PMT,opticalphoton,1.80231e-06,1.75488,11.679,0,0.936389,349.89,-409.753,135152,1,4
phys_Sci2_PMT,opticalphoton,2.81994e-06,1.77822,11.7771,0,-6.69809,349.89,-405.834,134337,1,6
phys_Sci2_PMT,opticalphoton,2.17262e-06,3.85937,16.3812,0,0.0192818,349.89,-410.874,133890,1,4
phys_Sci2_PMT,opticalphoton,2.70698e-06,1.9192,12.1133,0,-0.421238,349.89,-396.378,133882,1,10
phys_Sci2_PMT,opticalphoton,2.0703e-06,6.27244,16.1875,0,9.29705,349.89,-411.685,133226,1,10
phys_Sci2_PMT,opticalphoton,2.94975e-06,1.80412,16.3983,0,-1.35543,349.89,-405.062,133160,1,8
phys_Sci2_PMT,opticalphoton,3.01137e-06,1.82159,11.8624,0,3.27086,349.89,-385.541,133111,1,6
phys_Sci2_PMT,opticalphoton,2.99774e-06,1.75506,14.631,0,7.5639,349.89,-413.651,133020,1,2
phys_Sci2_PMT,opticalphoton,2.87183e-06,1.81177,22.4568,0,-14.8368,349.89,-395.021,138027,1,6
phys_Sci2_PMT,opticalphoton,2.94556e-06,6.24597,16.2341,0,13.489,349.89,-392.604,137998,1,6
phys_Sci2_PMT,opticalphoton,2.81232e-06,1.76323,14.422,0,-2.04666,349.89,-383.64,137676,1,6
phys_Sci2_PMT,opticalphoton,2.68743e-06,4.00712,16.886,0,-13.2717,349.89,-392.887,137668,1,20
